$ANSIBLE_VAULT;1.1;AES256
62316531353365333531633838626363653935616465396261306534343237646539356164653665
6631623738316335336231306630623437373763373331650a313534386636653835393166313330
39643465646465303761633832653638646466643935343736366535656331383635396331346465
3464353837666266370a353130363563316334363261346530653631656135353166383431653731
63613366356663313031613833313766373461393338376432383863616362666634363965623932
63663838336437646665353162653135323832316662393932303239653635313734646535326366
36356234633936383038323533343735613763303161653833333264653661613431653434633039
35393735306338373330663639613434313439623339376664363138353632393466353866363930
35643036323533323337393764383966386366353062643862303062326430303134356264636335
39323333313534303333616161386237626666306237643732343762303432616536633433636261
31313362626538643837306634633737343063303833313566666562346363323230663162316362
62343239363834396437333262396338653334323463656339376265613362663731336562326534
3238
